FIT: 0 128 9  -2.480858e+06  -8.422415e+06  -1.165867e+07  1.245008e+06  -1.087314e+07  2.790898e+06  1.743561e+15
FIT: 1 419 9  2.708331e+06  -5.156507e+05  -1.552830e+07  3.949207e+05  -1.289755e+07  5.814099e+05  1.327702e+15
FIT: 2 712 9  1.000784e+06  -2.612707e+06  -1.579987e+07  1.229332e+06  -1.205490e+07  1.533508e+06  1.271651e+15
